center_x=-5.256
center_y=26.343
center_z=-2.416
size_x=38.5750007629
size_y=20.4374980927
size_z=17.7649843693
exhaustiveness=12